{{{1.000000, -0.000000, 0.000000, 0.000000, -0.000000, -0.000000, 0.000000, 0.000000, 0.000000, 0.000000, 0.000000, 0.000000, -0.000000, -0.000000, 0.000000, 0.000000},
{-0.000000, 1.000000, -0.000000, -0.000000, 0.000000, 0.000000, 0.000000, -0.000000, 0.000000, -0.000000, 0.000000, -0.000000, -0.000000, -0.000000, -0.000000, 0.000000},
{0.000000, -0.000000, 0.999303, -0.002163, 0.001010, 0.000502, -0.000523, -0.000000, -0.000000, -0.000727, 0.000000, -0.000727, -0.000255, -0.000147, -0.000069, -0.000000},
{0.000000, -0.000000, -0.002163, 0.993226, 0.003131, 0.001617, -0.001375, -0.000000, -0.000000, -0.002281, 0.000000, -0.002281, -0.000919, -0.000566, -0.000114, -0.000000},
{-0.000000, 0.000000, 0.001010, 0.003131, 0.997970, -0.001271, 0.000510, 0.000000, -0.000000, 0.001051, -0.000000, 0.001051, 0.000265, -0.000279, -0.000310, 0.000000},
{-0.000000, 0.000000, 0.000502, 0.001617, -0.001271, 0.999058, -0.000095, 0.000000, -0.000000, 0.000546, -0.000000, 0.000546, 0.000204, -0.000262, -0.000440, -0.000000},
{0.000000, 0.000000, -0.000523, -0.001375, 0.000510, -0.000095, 0.998557, 0.000000, -0.000000, -0.000447, -0.000000, -0.000447, 0.000251, 0.000095, -0.000616, -0.000000},
{0.000000, -0.000000, -0.000000, -0.000000, 0.000000, 0.000000, 0.000000, 1.000000, 0.000000, -0.000000, 0.000000, -0.000000, -0.000000, 0.000000, 0.000000, 0.000000},
{0.000000, 0.000000, -0.000000, -0.000000, -0.000000, -0.000000, -0.000000, 0.000000, 1.000000, -0.000000, -0.000000, -0.000000, 0.000000, 0.000000, -0.000000, -0.000000},
{0.000000, -0.000000, -0.000727, -0.002281, 0.001051, 0.000546, -0.000447, -0.000000, -0.000000, 0.999232, 0.000000, -0.000768, -0.000317, -0.000199, -0.000033, -0.000000},
{0.000000, 0.000000, 0.000000, 0.000000, -0.000000, -0.000000, -0.000000, 0.000000, -0.000000, 0.000000, 1.000000, 0.000000, 0.000000, 0.000000, -0.000000, -0.000000},
{0.000000, -0.000000, -0.000727, -0.002281, 0.001051, 0.000546, -0.000447, -0.000000, -0.000000, -0.000768, 0.000000, 0.999232, -0.000317, -0.000199, -0.000033, -0.000000},
{-0.000000, -0.000000, -0.000255, -0.000919, 0.000265, 0.000204, 0.000251, -0.000000, 0.000000, -0.000317, 0.000000, -0.000317, 0.999636, -0.000360, 0.000098, 0.000000},
{-0.000000, -0.000000, -0.000147, -0.000566, -0.000279, -0.000262, 0.000095, 0.000000, 0.000000, -0.000199, 0.000000, -0.000199, -0.000360, 0.999357, -0.000199, 0.000000},
{0.000000, -0.000000, -0.000069, -0.000114, -0.000310, -0.000440, -0.000616, 0.000000, -0.000000, -0.000033, -0.000000, -0.000033, 0.000098, -0.000199, 0.999539, -0.000000},
{0.000000, 0.000000, -0.000000, -0.000000, 0.000000, -0.000000, -0.000000, 0.000000, -0.000000, -0.000000, -0.000000, -0.000000, 0.000000, 0.000000, -0.000000, 1.000000}},
{{1.000000, -0.000000, 0.000000, -0.000000, -0.000000, -0.000000, -0.000000, 0.000000, 0.000000, -0.000000, 0.000000, 0.000000, 0.000000, -0.000000, 0.000000, -0.000000},
{-0.000000, 1.000000, 0.000000, -0.000000, -0.000000, 0.000000, 0.000000, -0.000000, -0.000000, -0.000000, -0.000000, 0.000000, 0.000000, 0.000000, -0.000000, -0.000000},
{0.000000, 0.000000, 1.000000, -0.000000, -0.000000, 0.000000, 0.000000, -0.000000, -0.000000, -0.000000, -0.000000, -0.000000, 0.000000, 0.000000, -0.000000, 0.000000},
{-0.000000, -0.000000, -0.000000, 0.994819, -0.004981, 0.001566, 0.000929, -0.000000, -0.000000, -0.000000, -0.004618, 0.000301, 0.007305, 0.000521, -0.000000, -0.000000},
{-0.000000, -0.000000, -0.000000, -0.004981, 0.995194, 0.001464, 0.000895, -0.000000, -0.000000, -0.000000, -0.004468, -0.000017, 0.006692, 0.000490, -0.000000, -0.000000},
{-0.000000, 0.000000, 0.000000, 0.001566, 0.001464, 0.999119, -0.001212, 0.000000, 0.000000, 0.000000, 0.001540, 0.000354, -0.002327, -0.000278, 0.000000, -0.000000},
{-0.000000, 0.000000, 0.000000, 0.000929, 0.000895, -0.001212, 0.996911, 0.000000, 0.000000, -0.000000, 0.001508, 0.003872, 0.001061, -0.000381, 0.000000, -0.000000},
{0.000000, -0.000000, -0.000000, -0.000000, -0.000000, 0.000000, 0.000000, 1.000000, -0.000000, 0.000000, -0.000000, -0.000000, -0.000000, 0.000000, -0.000000, 0.000000},
{0.000000, -0.000000, -0.000000, -0.000000, -0.000000, 0.000000, 0.000000, -0.000000, 1.000000, 0.000000, -0.000000, -0.000000, -0.000000, 0.000000, -0.000000, 0.000000},
{-0.000000, -0.000000, -0.000000, -0.000000, -0.000000, 0.000000, -0.000000, 0.000000, 0.000000, 1.000000, -0.000000, 0.000000, 0.000000, 0.000000, -0.000000, -0.000000},
{0.000000, -0.000000, -0.000000, -0.004618, -0.004468, 0.001540, 0.001508, -0.000000, -0.000000, -0.000000, 0.995679, -0.001168, 0.005393, 0.000513, -0.000000, -0.000000},
{0.000000, 0.000000, -0.000000, 0.000301, -0.000017, 0.000354, 0.003872, -0.000000, -0.000000, 0.000000, -0.001168, 0.988844, -0.009973, 0.000148, -0.000000, 0.000000},
{0.000000, 0.000000, 0.000000, 0.007305, 0.006692, -0.002327, 0.001061, -0.000000, -0.000000, 0.000000, 0.005393, -0.009973, 0.980872, -0.000727, 0.000000, 0.000000},
{-0.000000, 0.000000, 0.000000, 0.000521, 0.000490, -0.000278, -0.000381, 0.000000, 0.000000, 0.000000, 0.000513, 0.000148, -0.000727, 0.999912, 0.000000, -0.000000},
{0.000000, -0.000000, -0.000000, -0.000000, -0.000000, 0.000000, 0.000000, -0.000000, -0.000000, -0.000000, -0.000000, -0.000000, 0.000000, 0.000000, 1.000000, 0.000000},
{-0.000000, -0.000000, 0.000000, -0.000000, -0.000000, -0.000000, -0.000000, 0.000000, 0.000000, -0.000000, -0.000000, 0.000000, 0.000000, -0.000000, 0.000000, 1.000000}},
{{1.000000, -0.000000, 0.000000, -0.000000, 0.000000, 0.000000, 0.000000, -0.000000, -0.000000, -0.000000, -0.000000, 0.000000, 0.000000, -0.000000, 0.000000, -0.000000},
{-0.000000, 1.000000, -0.000000, -0.000000, 0.000000, 0.000000, 0.000000, -0.000000, -0.000000, -0.000000, 0.000000, 0.000000, 0.000000, -0.000000, -0.000000, -0.000000},
{0.000000, -0.000000, 1.000000, -0.000000, 0.000000, 0.000000, 0.000000, 0.000000, -0.000000, -0.000000, 0.000000, 0.000000, 0.000000, -0.000000, -0.000000, 0.000000},
{-0.000000, -0.000000, -0.000000, 1.000000, 0.000000, 0.000000, 0.000000, -0.000000, -0.000000, -0.000000, -0.000000, 0.000000, 0.000000, -0.000000, 0.000000, -0.000000},
{0.000000, 0.000000, 0.000000, 0.000000, 1.000000, -0.000000, -0.000000, 0.000000, 0.000000, 0.000000, -0.000000, -0.000000, -0.000000, 0.000000, 0.000000, -0.000000},
{0.000000, 0.000000, 0.000000, 0.000000, -0.000000, 1.000000, -0.000000, 0.000000, 0.000000, 0.000000, -0.000000, -0.000000, -0.000000, 0.000000, 0.000000, 0.000000},
{0.000000, 0.000000, 0.000000, 0.000000, -0.000000, -0.000000, 1.000000, 0.000000, 0.000000, 0.000000, -0.000000, -0.000000, -0.000000, 0.000000, 0.000000, 0.000000},
{-0.000000, -0.000000, 0.000000, -0.000000, 0.000000, 0.000000, 0.000000, 0.984183, -0.019811, -0.000251, -0.000000, 0.000000, 0.000000, -0.000000, 0.000000, -0.000000},
{-0.000000, -0.000000, -0.000000, -0.000000, 0.000000, 0.000000, 0.000000, -0.019811, 0.966985, -0.008570, -0.000000, 0.000000, 0.000000, -0.000000, 0.000000, -0.000000},
{-0.000000, -0.000000, -0.000000, -0.000000, 0.000000, 0.000000, 0.000000, -0.000251, -0.008570, 0.990292, 0.000000, 0.000000, 0.000000, -0.000000, -0.000000, 0.000000},
{-0.000000, 0.000000, 0.000000, -0.000000, -0.000000, -0.000000, -0.000000, -0.000000, -0.000000, 0.000000, 1.000000, -0.000000, 0.000000, -0.000000, 0.000000, -0.000000},
{0.000000, 0.000000, 0.000000, 0.000000, -0.000000, -0.000000, -0.000000, 0.000000, 0.000000, 0.000000, -0.000000, 1.000000, -0.000000, 0.000000, 0.000000, 0.000000},
{0.000000, 0.000000, 0.000000, 0.000000, -0.000000, -0.000000, -0.000000, 0.000000, 0.000000, 0.000000, 0.000000, -0.000000, 1.000000, 0.000000, -0.000000, 0.000000},
{-0.000000, -0.000000, -0.000000, -0.000000, 0.000000, 0.000000, 0.000000, -0.000000, -0.000000, -0.000000, -0.000000, 0.000000, 0.000000, 1.000000, 0.000000, -0.000000},
{0.000000, -0.000000, -0.000000, 0.000000, 0.000000, 0.000000, 0.000000, 0.000000, 0.000000, -0.000000, 0.000000, 0.000000, -0.000000, 0.000000, 1.000000, 0.000000},
{-0.000000, -0.000000, 0.000000, -0.000000, -0.000000, 0.000000, 0.000000, -0.000000, -0.000000, 0.000000, -0.000000, 0.000000, 0.000000, -0.000000, 0.000000, 1.000000}},
{{1.000000, -0.000000, 0.000000, 0.000000, -0.000000, 0.000000, -0.000000, -0.000000, 0.000000, -0.000000, -0.000000, -0.000000, -0.000000, 0.000000, 0.000000, -0.000000},
{-0.000000, 1.000000, 0.000000, -0.000000, 0.000000, 0.000000, -0.000000, 0.000000, -0.000000, -0.000000, -0.000000, 0.000000, -0.000000, -0.000000, 0.000000, 0.000000},
{0.000000, 0.000000, 0.997750, 0.003047, 0.001466, 0.000000, -0.000000, 0.000000, -0.000000, -0.000000, 0.000000, 0.000000, 0.000000, -0.001233, -0.004185, 0.002373},
{0.000000, -0.000000, 0.003047, 0.973947, -0.007793, 0.000000, 0.000000, -0.000000, 0.000000, -0.000000, -0.000000, -0.000000, -0.000000, -0.001950, 0.018915, -0.001971},
{-0.000000, 0.000000, 0.001466, -0.007793, 0.997405, 0.000000, 0.000000, -0.000000, 0.000000, -0.000000, -0.000000, -0.000000, -0.000000, 0.000092, 0.005679, -0.001752},
{0.000000, 0.000000, 0.000000, 0.000000, 0.000000, 1.000000, 0.000000, -0.000000, -0.000000, 0.000000, 0.000000, -0.000000, 0.000000, 0.000000, -0.000000, -0.000000},
{-0.000000, -0.000000, -0.000000, 0.000000, 0.000000, 0.000000, 1.000000, 0.000000, -0.000000, -0.000000, -0.000000, 0.000000, 0.000000, -0.000000, -0.000000, 0.000000},
{-0.000000, 0.000000, 0.000000, -0.000000, -0.000000, -0.000000, 0.000000, 1.000000, 0.000000, 0.000000, -0.000000, -0.000000, 0.000000, 0.000000, 0.000000, -0.000000},
{0.000000, -0.000000, -0.000000, 0.000000, 0.000000, -0.000000, -0.000000, 0.000000, 1.000000, -0.000000, 0.000000, 0.000000, 0.000000, -0.000000, -0.000000, 0.000000},
{-0.000000, -0.000000, -0.000000, -0.000000, -0.000000, 0.000000, -0.000000, 0.000000, -0.000000, 1.000000, -0.000000, 0.000000, -0.000000, -0.000000, 0.000000, 0.000000},
{-0.000000, -0.000000, 0.000000, -0.000000, -0.000000, 0.000000, -0.000000, -0.000000, 0.000000, -0.000000, 1.000000, -0.000000, -0.000000, -0.000000, 0.000000, 0.000000},
{-0.000000, 0.000000, 0.000000, -0.000000, -0.000000, -0.000000, 0.000000, -0.000000, 0.000000, 0.000000, -0.000000, 1.000000, -0.000000, 0.000000, 0.000000, -0.000000},
{-0.000000, -0.000000, 0.000000, -0.000000, -0.000000, 0.000000, 0.000000, 0.000000, 0.000000, -0.000000, -0.000000, -0.000000, 1.000000, -0.000000, 0.000000, 0.000000},
{0.000000, -0.000000, -0.001233, -0.001950, 0.000092, 0.000000, -0.000000, 0.000000, -0.000000, -0.000000, -0.000000, 0.000000, -0.000000, 0.998121, 0.001256, 0.002814},
{0.000000, 0.000000, -0.004185, 0.018915, 0.005679, -0.000000, -0.000000, 0.000000, -0.000000, 0.000000, 0.000000, 0.000000, 0.000000, 0.001256, 0.981143, 0.000719},
{-0.000000, 0.000000, 0.002373, -0.001971, -0.001752, -0.000000, 0.000000, -0.000000, 0.000000, 0.000000, 0.000000, -0.000000, 0.000000, 0.002814, 0.000719, 0.994600}},
{{0.996705, 0.000060, 0.001613, -0.000000, -0.000000, -0.000000, 0.000000, -0.000000, -0.000000, 0.000000, 0.000000, -0.000000, 0.000000, -0.000000, -0.000000, -0.000000},
{0.000060, 0.993501, -0.003157, 0.000000, 0.000000, 0.000000, 0.000000, -0.000000, -0.000000, -0.000000, 0.000000, -0.000000, -0.000000, -0.000000, -0.000000, -0.000000},
{0.001613, -0.003157, 0.997447, 0.000000, 0.000000, 0.000000, 0.000000, -0.000000, 0.000000, -0.000000, -0.000000, 0.000000, -0.000000, 0.000000, 0.000000, 0.000000},
{-0.000000, 0.000000, 0.000000, 1.000000, -0.000000, -0.000000, 0.000000, -0.000000, -0.000000, 0.000000, 0.000000, -0.000000, 0.000000, -0.000000, -0.000000, -0.000000},
{-0.000000, 0.000000, 0.000000, -0.000000, 1.000000, -0.000000, -0.000000, 0.000000, 0.000000, 0.000000, 0.000000, -0.000000, 0.000000, -0.000000, 0.000000, -0.000000},
{-0.000000, 0.000000, 0.000000, -0.000000, -0.000000, 1.000000, -0.000000, 0.000000, 0.000000, 0.000000, 0.000000, -0.000000, 0.000000, -0.000000, 0.000000, 0.000000},
{0.000000, 0.000000, 0.000000, 0.000000, -0.000000, -0.000000, 1.000000, 0.000000, 0.000000, 0.000000, -0.000000, 0.000000, 0.000000, 0.000000, 0.000000, 0.000000},
{-0.000000, -0.000000, -0.000000, -0.000000, 0.000000, 0.000000, 0.000000, 1.000000, -0.000000, 0.000000, 0.000000, -0.000000, -0.000000, -0.000000, -0.000000, -0.000000},
{-0.000000, -0.000000, 0.000000, -0.000000, 0.000000, 0.000000, 0.000000, -0.000000, 1.000000, 0.000000, 0.000000, -0.000000, -0.000000, -0.000000, -0.000000, -0.000000},
{0.000000, -0.000000, -0.000000, 0.000000, 0.000000, 0.000000, 0.000000, 0.000000, 0.000000, 1.000000, -0.000000, 0.000000, -0.000000, 0.000000, 0.000000, 0.000000},
{0.000000, 0.000000, -0.000000, 0.000000, 0.000000, 0.000000, -0.000000, 0.000000, 0.000000, -0.000000, 1.000000, 0.000000, 0.000000, 0.000000, 0.000000, 0.000000},
{-0.000000, -0.000000, 0.000000, -0.000000, -0.000000, -0.000000, 0.000000, -0.000000, -0.000000, 0.000000, 0.000000, 1.000000, -0.000000, -0.000000, -0.000000, -0.000000},
{0.000000, -0.000000, -0.000000, 0.000000, 0.000000, 0.000000, 0.000000, -0.000000, -0.000000, -0.000000, 0.000000, -0.000000, 1.000000, -0.000000, -0.000000, -0.000000},
{-0.000000, -0.000000, 0.000000, -0.000000, -0.000000, -0.000000, 0.000000, -0.000000, -0.000000, 0.000000, 0.000000, -0.000000, -0.000000, 1.000000, -0.000000, -0.000000},
{-0.000000, -0.000000, 0.000000, -0.000000, 0.000000, 0.000000, 0.000000, -0.000000, -0.000000, 0.000000, 0.000000, -0.000000, -0.000000, -0.000000, 1.000000, -0.000000},
{-0.000000, -0.000000, 0.000000, -0.000000, -0.000000, 0.000000, 0.000000, -0.000000, -0.000000, 0.000000, 0.000000, -0.000000, -0.000000, -0.000000, -0.000000, 1.000000}},
{{1.000000, -0.000000, -0.000000, -0.000000, -0.000000, -0.000000, -0.000000, -0.000000, -0.000000, -0.000000, 0.000000, 0.000000, -0.000000, 0.000000, 0.000000, 0.000000},
{-0.000000, 1.000000, -0.000000, -0.000000, -0.000000, -0.000000, -0.000000, -0.000000, -0.000000, -0.000000, 0.000000, 0.000000, -0.000000, 0.000000, 0.000000, 0.000000},
{-0.000000, -0.000000, 1.000000, 0.000000, -0.000000, -0.000000, -0.000000, -0.000000, -0.000000, -0.000000, -0.000000, 0.000000, -0.000000, 0.000000, 0.000000, 0.000000},
{-0.000000, -0.000000, 0.000000, 1.000000, 0.000000, 0.000000, 0.000000, 0.000000, 0.000000, 0.000000, 0.000000, 0.000000, -0.000000, 0.000000, 0.000000, 0.000000},
{-0.000000, -0.000000, -0.000000, 0.000000, 0.999358, -0.003964, -0.003965, -0.003964, -0.002016, -0.000642, -0.000000, -0.000000, 0.000000, -0.000000, -0.000000, -0.000000},
{-0.000000, -0.000000, -0.000000, 0.000000, -0.003964, 0.974806, -0.025004, -0.025205, -0.013796, -0.003964, -0.000000, -0.000000, -0.000000, -0.000000, -0.000000, -0.000000},
{-0.000000, -0.000000, -0.000000, 0.000000, -0.003965, -0.025004, 0.975070, -0.025094, -0.013583, -0.003965, -0.000000, -0.000000, -0.000000, -0.000000, -0.000000, -0.000000},
{-0.000000, -0.000000, -0.000000, 0.000000, -0.003964, -0.025205, -0.025094, 0.974672, -0.014038, -0.003964, -0.000000, -0.000000, -0.000000, -0.000000, -0.000000, -0.000000},
{-0.000000, -0.000000, -0.000000, 0.000000, -0.002016, -0.013796, -0.013583, -0.014038, 0.990675, -0.002016, -0.000000, 0.000000, -0.000000, 0.000000, 0.000000, 0.000000},
{-0.000000, -0.000000, -0.000000, 0.000000, -0.000642, -0.003964, -0.003965, -0.003964, -0.002016, 0.999358, -0.000000, -0.000000, 0.000000, -0.000000, -0.000000, -0.000000},
{0.000000, 0.000000, -0.000000, 0.000000, -0.000000, -0.000000, -0.000000, -0.000000, -0.000000, -0.000000, 1.000000, 0.000000, -0.000000, 0.000000, 0.000000, 0.000000},
{0.000000, 0.000000, 0.000000, 0.000000, -0.000000, -0.000000, -0.000000, -0.000000, 0.000000, -0.000000, 0.000000, 1.000000, 0.000000, -0.000000, -0.000000, -0.000000},
{-0.000000, -0.000000, -0.000000, -0.000000, 0.000000, -0.000000, -0.000000, -0.000000, -0.000000, 0.000000, -0.000000, 0.000000, 1.000000, 0.000000, 0.000000, 0.000000},
{0.000000, 0.000000, 0.000000, 0.000000, -0.000000, -0.000000, -0.000000, -0.000000, 0.000000, -0.000000, 0.000000, -0.000000, 0.000000, 1.000000, -0.000000, -0.000000},
{0.000000, 0.000000, 0.000000, 0.000000, -0.000000, -0.000000, -0.000000, -0.000000, 0.000000, -0.000000, 0.000000, -0.000000, 0.000000, -0.000000, 1.000000, -0.000000},
{0.000000, 0.000000, 0.000000, 0.000000, -0.000000, -0.000000, -0.000000, -0.000000, 0.000000, -0.000000, 0.000000, -0.000000, 0.000000, -0.000000, -0.000000, 1.000000}},
{{1.000000, 0.000000, 0.000000, -0.000000, -0.000000, 0.000000, 0.000000, 0.000000, -0.000000, -0.000000, 0.000000, 0.000000, -0.000000, -0.000000, -0.000000, 0.000000},
{0.000000, 0.986153, -0.003765, 0.000000, -0.000385, 0.003876, -0.000000, 0.000000, -0.000000, -0.000000, -0.000000, -0.000000, -0.000000, -0.000000, -0.000000, 0.000000},
{0.000000, -0.003765, 0.982703, 0.000000, 0.019713, -0.006368, -0.000000, -0.000000, 0.000000, 0.000000, -0.000000, -0.000000, 0.000000, 0.000000, 0.000000, -0.000000},
{-0.000000, 0.000000, 0.000000, 1.000000, -0.000000, 0.000000, 0.000000, 0.000000, -0.000000, -0.000000, 0.000000, 0.000000, -0.000000, -0.000000, -0.000000, 0.000000},
{-0.000000, -0.000385, 0.019713, -0.000000, 0.968982, 0.008529, 0.000000, 0.000000, -0.000000, -0.000000, 0.000000, 0.000000, -0.000000, -0.000000, -0.000000, 0.000000},
{0.000000, 0.003876, -0.006368, 0.000000, 0.008529, 0.995475, -0.000000, -0.000000, 0.000000, 0.000000, -0.000000, 0.000000, 0.000000, 0.000000, 0.000000, -0.000000},
{0.000000, -0.000000, -0.000000, 0.000000, 0.000000, -0.000000, 1.000000, -0.000000, 0.000000, 0.000000, -0.000000, -0.000000, 0.000000, 0.000000, 0.000000, -0.000000},
{0.000000, 0.000000, -0.000000, 0.000000, 0.000000, -0.000000, -0.000000, 1.000000, 0.000000, 0.000000, -0.000000, 0.000000, 0.000000, 0.000000, 0.000000, -0.000000},
{-0.000000, -0.000000, 0.000000, -0.000000, -0.000000, 0.000000, 0.000000, 0.000000, 1.000000, -0.000000, 0.000000, -0.000000, -0.000000, -0.000000, -0.000000, 0.000000},
{-0.000000, -0.000000, 0.000000, -0.000000, -0.000000, 0.000000, 0.000000, 0.000000, -0.000000, 1.000000, 0.000000, -0.000000, -0.000000, -0.000000, -0.000000, 0.000000},
{0.000000, -0.000000, -0.000000, 0.000000, 0.000000, -0.000000, -0.000000, -0.000000, 0.000000, 0.000000, 1.000000, -0.000000, 0.000000, 0.000000, 0.000000, -0.000000},
{0.000000, -0.000000, -0.000000, 0.000000, 0.000000, 0.000000, -0.000000, 0.000000, -0.000000, -0.000000, -0.000000, 1.000000, -0.000000, -0.000000, -0.000000, 0.000000},
{-0.000000, -0.000000, 0.000000, -0.000000, -0.000000, 0.000000, 0.000000, 0.000000, -0.000000, -0.000000, 0.000000, -0.000000, 1.000000, -0.000000, -0.000000, 0.000000},
{-0.000000, -0.000000, 0.000000, -0.000000, -0.000000, 0.000000, 0.000000, 0.000000, -0.000000, -0.000000, 0.000000, -0.000000, -0.000000, 1.000000, -0.000000, 0.000000},
{-0.000000, -0.000000, 0.000000, -0.000000, -0.000000, 0.000000, 0.000000, 0.000000, -0.000000, -0.000000, 0.000000, -0.000000, -0.000000, -0.000000, 1.000000, 0.000000},
{0.000000, 0.000000, -0.000000, 0.000000, 0.000000, -0.000000, -0.000000, -0.000000, 0.000000, 0.000000, -0.000000, 0.000000, 0.000000, 0.000000, 0.000000, 1.000000}},
{{1.000000, -0.000000, 0.000000, 0.000000, -0.000000, -0.000000, -0.000000, -0.000000, -0.000000, -0.000000, -0.000000, 0.000000, 0.000000, -0.000000, 0.000000, -0.000000},
{-0.000000, 1.000000, 0.000000, 0.000000, -0.000000, -0.000000, -0.000000, -0.000000, -0.000000, -0.000000, -0.000000, 0.000000, -0.000000, -0.000000, 0.000000, 0.000000},
{0.000000, 0.000000, 1.000000, -0.000000, 0.000000, 0.000000, 0.000000, 0.000000, 0.000000, 0.000000, 0.000000, -0.000000, -0.000000, 0.000000, -0.000000, -0.000000},
{0.000000, 0.000000, -0.000000, 1.000000, 0.000000, 0.000000, 0.000000, 0.000000, 0.000000, 0.000000, 0.000000, 0.000000, 0.000000, -0.000000, -0.000000, -0.000000},
{-0.000000, -0.000000, 0.000000, 0.000000, 1.000000, -0.000000, -0.000000, -0.000000, -0.000000, -0.000000, -0.000000, 0.000000, 0.000000, -0.000000, -0.000000, -0.000000},
{-0.000000, -0.000000, 0.000000, 0.000000, -0.000000, 0.996497, -0.010309, -0.012823, -0.015859, -0.008172, -0.001772, 0.000000, 0.000000, -0.000000, 0.000000, 0.000000},
{-0.000000, -0.000000, 0.000000, 0.000000, -0.000000, -0.010309, 0.969596, -0.038173, -0.046719, -0.023685, -0.005122, 0.000000, 0.000000, -0.000000, 0.000000, 0.000000},
{-0.000000, -0.000000, 0.000000, 0.000000, -0.000000, -0.012823, -0.038173, 0.947106, -0.058462, -0.022649, -0.004573, -0.000000, -0.000000, 0.000000, 0.000000, 0.000000},
{-0.000000, -0.000000, 0.000000, 0.000000, -0.000000, -0.015859, -0.046719, -0.058462, 0.928162, -0.036581, -0.007915, 0.000000, 0.000000, -0.000000, 0.000000, 0.000000},
{-0.000000, -0.000000, 0.000000, 0.000000, -0.000000, -0.008172, -0.023685, -0.022649, -0.036581, 0.971243, -0.006698, 0.000000, 0.000000, -0.000000, -0.000000, -0.000000},
{-0.000000, -0.000000, 0.000000, 0.000000, -0.000000, -0.001772, -0.005122, -0.004573, -0.007915, -0.006698, 0.998425, 0.000000, 0.000000, -0.000000, -0.000000, -0.000000},
{0.000000, 0.000000, -0.000000, 0.000000, 0.000000, 0.000000, 0.000000, -0.000000, 0.000000, 0.000000, 0.000000, 1.000000, -0.000000, 0.000000, 0.000000, 0.000000},
{0.000000, -0.000000, -0.000000, 0.000000, 0.000000, 0.000000, 0.000000, -0.000000, 0.000000, 0.000000, 0.000000, -0.000000, 1.000000, 0.000000, 0.000000, 0.000000},
{-0.000000, -0.000000, 0.000000, -0.000000, -0.000000, -0.000000, -0.000000, 0.000000, -0.000000, -0.000000, -0.000000, 0.000000, 0.000000, 1.000000, -0.000000, -0.000000},
{0.000000, 0.000000, -0.000000, -0.000000, -0.000000, 0.000000, 0.000000, 0.000000, 0.000000, -0.000000, -0.000000, 0.000000, 0.000000, -0.000000, 1.000000, -0.000000},
{-0.000000, 0.000000, -0.000000, -0.000000, -0.000000, 0.000000, 0.000000, 0.000000, 0.000000, -0.000000, -0.000000, 0.000000, 0.000000, -0.000000, -0.000000, 1.000000}},
{{1.000000, -0.000000, 0.000000, 0.000000, 0.000000, 0.000000, 0.000000, -0.000000, -0.000000, -0.000000, -0.000000, -0.000000, 0.000000, 0.000000, -0.000000, 0.000000},
{-0.000000, 0.979075, 0.008005, 0.012526, 0.000000, -0.000000, -0.000000, 0.000000, 0.000000, 0.000000, 0.000000, 0.000000, -0.003602, 0.015621, -0.019651, 0.000000},
{0.000000, 0.008005, 0.974623, -0.012108, -0.000000, -0.000000, 0.000000, -0.000000, 0.000000, -0.000000, 0.000000, 0.000000, -0.003273, -0.014319, 0.019327, -0.000000},
{0.000000, 0.012526, -0.012108, 0.989919, -0.000000, 0.000000, 0.000000, -0.000000, -0.000000, -0.000000, -0.000000, -0.000000, 0.000840, -0.012479, 0.014824, -0.000000},
{0.000000, 0.000000, -0.000000, -0.000000, 1.000000, 0.000000, 0.000000, -0.000000, -0.000000, -0.000000, -0.000000, -0.000000, 0.000000, -0.000000, 0.000000, -0.000000},
{0.000000, -0.000000, -0.000000, 0.000000, 0.000000, 1.000000, -0.000000, 0.000000, 0.000000, 0.000000, 0.000000, 0.000000, -0.000000, 0.000000, 0.000000, 0.000000},
{0.000000, -0.000000, 0.000000, 0.000000, 0.000000, -0.000000, 1.000000, 0.000000, 0.000000, 0.000000, 0.000000, 0.000000, -0.000000, 0.000000, -0.000000, 0.000000},
{-0.000000, 0.000000, -0.000000, -0.000000, -0.000000, 0.000000, 0.000000, 1.000000, -0.000000, -0.000000, -0.000000, -0.000000, 0.000000, -0.000000, 0.000000, -0.000000},
{-0.000000, 0.000000, 0.000000, -0.000000, -0.000000, 0.000000, 0.000000, -0.000000, 1.000000, -0.000000, -0.000000, -0.000000, 0.000000, -0.000000, 0.000000, -0.000000},
{-0.000000, 0.000000, -0.000000, -0.000000, -0.000000, 0.000000, 0.000000, -0.000000, -0.000000, 1.000000, -0.000000, -0.000000, 0.000000, -0.000000, 0.000000, -0.000000},
{-0.000000, 0.000000, 0.000000, -0.000000, -0.000000, 0.000000, 0.000000, -0.000000, -0.000000, -0.000000, 1.000000, -0.000000, 0.000000, -0.000000, 0.000000, -0.000000},
{-0.000000, 0.000000, 0.000000, -0.000000, -0.000000, 0.000000, 0.000000, -0.000000, -0.000000, -0.000000, -0.000000, 1.000000, 0.000000, -0.000000, -0.000000, -0.000000},
{0.000000, -0.003602, -0.003273, 0.000840, 0.000000, -0.000000, -0.000000, 0.000000, 0.000000, 0.000000, 0.000000, 0.000000, 0.998174, 0.001394, -0.000001, 0.000000},
{0.000000, 0.015621, -0.014319, -0.012479, -0.000000, 0.000000, 0.000000, -0.000000, -0.000000, -0.000000, -0.000000, -0.000000, 0.001394, 0.984383, 0.017357, -0.000000},
{-0.000000, -0.019651, 0.019327, 0.014824, 0.000000, 0.000000, -0.000000, 0.000000, 0.000000, 0.000000, 0.000000, -0.000000, -0.000001, 0.017357, 0.971719, 0.000000},
{0.000000, 0.000000, -0.000000, -0.000000, -0.000000, 0.000000, 0.000000, -0.000000, -0.000000, -0.000000, -0.000000, -0.000000, 0.000000, -0.000000, 0.000000, 1.000000}},
{{1.000000, 0.000000, -0.000000, -0.000000, 0.000000, 0.000000, -0.000000, -0.000000, -0.000000, 0.000000, 0.000000, -0.000000, -0.000000, -0.000000, 0.000000, 0.000000},
{0.000000, 0.992274, 0.004695, 0.002610, 0.004624, 0.000000, 0.000000, 0.000000, 0.000000, -0.000000, -0.000000, -0.000000, 0.000507, -0.000588, 0.003297, -0.000000},
{-0.000000, 0.004695, 0.982526, -0.006288, -0.001293, 0.000000, -0.000000, -0.000000, -0.000000, 0.000000, -0.000000, -0.000000, -0.007178, -0.004602, 0.010926, 0.000000},
{-0.000000, 0.002610, -0.006288, 0.997259, -0.002378, 0.000000, -0.000000, -0.000000, -0.000000, 0.000000, 0.000000, -0.000000, -0.002040, -0.001214, -0.000229, 0.000000},
{0.000000, 0.004624, -0.001293, -0.002378, 0.992176, -0.000000, -0.000000, 0.000000, -0.000000, 0.000000, 0.000000, 0.000000, 0.001689, 0.001552, -0.015614, -0.000000},
{0.000000, 0.000000, 0.000000, 0.000000, -0.000000, 1.000000, 0.000000, 0.000000, -0.000000, 0.000000, 0.000000, 0.000000, 0.000000, 0.000000, -0.000000, -0.000000},
{-0.000000, 0.000000, -0.000000, -0.000000, -0.000000, 0.000000, 1.000000, -0.000000, -0.000000, 0.000000, 0.000000, -0.000000, -0.000000, -0.000000, 0.000000, 0.000000},
{-0.000000, 0.000000, -0.000000, -0.000000, 0.000000, 0.000000, -0.000000, 1.000000, -0.000000, -0.000000, -0.000000, -0.000000, -0.000000, -0.000000, 0.000000, 0.000000},
{-0.000000, 0.000000, -0.000000, -0.000000, -0.000000, -0.000000, -0.000000, -0.000000, 1.000000, 0.000000, 0.000000, 0.000000, -0.000000, 0.000000, -0.000000, 0.000000},
{0.000000, -0.000000, 0.000000, 0.000000, 0.000000, 0.000000, 0.000000, -0.000000, 0.000000, 1.000000, -0.000000, -0.000000, -0.000000, -0.000000, 0.000000, 0.000000},
{0.000000, -0.000000, -0.000000, 0.000000, 0.000000, 0.000000, 0.000000, -0.000000, 0.000000, -0.000000, 1.000000, -0.000000, -0.000000, -0.000000, 0.000000, 0.000000},
{-0.000000, -0.000000, -0.000000, -0.000000, 0.000000, 0.000000, -0.000000, -0.000000, 0.000000, -0.000000, -0.000000, 1.000000, -0.000000, -0.000000, 0.000000, 0.000000},
{-0.000000, 0.000507, -0.007178, -0.002040, 0.001689, 0.000000, -0.000000, -0.000000, -0.000000, -0.000000, -0.000000, -0.000000, 0.996405, -0.002470, 0.009070, 0.000000},
{-0.000000, -0.000588, -0.004602, -0.001214, 0.001552, 0.000000, -0.000000, -0.000000, 0.000000, -0.000000, -0.000000, -0.000000, -0.002470, 0.998177, 0.006357, 0.000000},
{0.000000, 0.003297, 0.010926, -0.000229, -0.015614, -0.000000, 0.000000, 0.000000, -0.000000, 0.000000, 0.000000, 0.000000, 0.009070, 0.006357, 0.956284, -0.000000},
{0.000000, -0.000000, 0.000000, 0.000000, -0.000000, -0.000000, 0.000000, 0.000000, 0.000000, 0.000000, 0.000000, 0.000000, 0.000000, 0.000000, -0.000000, 1.000000}},
{{0.979744, 0.000067, 0.001060, 0.002067, 0.000000, -0.000000, -0.000000, 0.000000, -0.000000, -0.000000, 0.000000, -0.001634, -0.009899, -0.002505, 0.010564, 0.000000},
{0.000067, 0.997435, 0.001048, 0.004625, -0.000000, 0.000000, -0.000000, -0.000000, 0.000000, 0.000000, -0.000000, 0.000514, 0.003067, -0.001548, -0.002297, -0.000000},
{0.001060, 0.001048, 0.998910, -0.004011, -0.000000, 0.000000, 0.000000, 0.000000, -0.000000, 0.000000, -0.000000, -0.000110, -0.000741, 0.000916, -0.002868, -0.000000},
{0.002067, 0.004625, -0.004011, 0.984773, 0.000000, 0.000000, 0.000000, 0.000000, -0.000000, -0.000000, -0.000000, -0.000707, -0.004519, 0.003551, -0.007759, 0.000000},
{0.000000, -0.000000, -0.000000, 0.000000, 1.000000, 0.000000, 0.000000, -0.000000, 0.000000, 0.000000, -0.000000, 0.000000, 0.000000, 0.000000, -0.000000, -0.000000},
{-0.000000, 0.000000, 0.000000, 0.000000, 0.000000, 1.000000, -0.000000, 0.000000, -0.000000, -0.000000, 0.000000, -0.000000, -0.000000, -0.000000, 0.000000, 0.000000},
{-0.000000, -0.000000, 0.000000, 0.000000, 0.000000, -0.000000, 1.000000, -0.000000, 0.000000, -0.000000, 0.000000, 0.000000, 0.000000, -0.000000, 0.000000, 0.000000},
{0.000000, -0.000000, 0.000000, 0.000000, -0.000000, 0.000000, -0.000000, 1.000000, 0.000000, 0.000000, -0.000000, 0.000000, 0.000000, -0.000000, -0.000000, -0.000000},
{-0.000000, 0.000000, -0.000000, -0.000000, 0.000000, -0.000000, 0.000000, 0.000000, 1.000000, -0.000000, 0.000000, -0.000000, -0.000000, 0.000000, 0.000000, 0.000000},
{-0.000000, 0.000000, 0.000000, -0.000000, 0.000000, -0.000000, -0.000000, 0.000000, -0.000000, 1.000000, 0.000000, -0.000000, -0.000000, -0.000000, 0.000000, 0.000000},
{0.000000, -0.000000, -0.000000, -0.000000, -0.000000, 0.000000, 0.000000, -0.000000, 0.000000, 0.000000, 1.000000, 0.000000, 0.000000, 0.000000, -0.000000, -0.000000},
{-0.001634, 0.000514, -0.000110, -0.000707, 0.000000, -0.000000, 0.000000, 0.000000, -0.000000, -0.000000, 0.000000, 0.999767, -0.001400, 0.000103, 0.001372, 0.000000},
{-0.009899, 0.003067, -0.000741, -0.004519, 0.000000, -0.000000, 0.000000, 0.000000, -0.000000, -0.000000, 0.000000, -0.001400, 0.991572, 0.000620, 0.007759, 0.000000},
{-0.002505, -0.001548, 0.000916, 0.003551, 0.000000, -0.000000, -0.000000, -0.000000, 0.000000, -0.000000, 0.000000, 0.000103, 0.000620, 0.998710, 0.000718, 0.000000},
{0.010564, -0.002297, -0.002868, -0.007759, -0.000000, 0.000000, 0.000000, -0.000000, 0.000000, 0.000000, -0.000000, 0.001372, 0.007759, 0.000718, 0.975064, -0.000000},
{0.000000, -0.000000, -0.000000, 0.000000, -0.000000, 0.000000, 0.000000, -0.000000, 0.000000, 0.000000, -0.000000, 0.000000, 0.000000, 0.000000, -0.000000, 1.000000}},
{{0.973986, 0.010161, 0.001073, -0.001050, -0.000000, -0.000000, -0.000000, 0.000000, -0.000000, -0.000000, 0.000000, -0.000000, -0.000000, 0.000000, 0.000000, 0.000000},
{0.010161, 0.983467, -0.000215, 0.006588, 0.000000, 0.000000, -0.000000, -0.000000, 0.000000, 0.000000, -0.000000, 0.000000, 0.000000, 0.000000, -0.000000, -0.000000},
{0.001073, -0.000215, 0.999568, -0.001876, 0.000000, 0.000000, 0.000000, -0.000000, -0.000000, 0.000000, -0.000000, -0.000000, 0.000000, -0.000000, -0.000000, 0.000000},
{-0.001050, 0.006588, -0.001876, 0.988309, -0.000000, -0.000000, 0.000000, 0.000000, -0.000000, -0.000000, 0.000000, -0.000000, -0.000000, -0.000000, 0.000000, 0.000000},
{-0.000000, 0.000000, 0.000000, -0.000000, 1.000000, -0.000000, -0.000000, 0.000000, 0.000000, -0.000000, 0.000000, -0.000000, -0.000000, 0.000000, 0.000000, 0.000000},
{-0.000000, 0.000000, 0.000000, -0.000000, -0.000000, 1.000000, -0.000000, 0.000000, -0.000000, -0.000000, 0.000000, -0.000000, -0.000000, 0.000000, 0.000000, 0.000000},
{-0.000000, -0.000000, 0.000000, 0.000000, -0.000000, -0.000000, 1.000000, -0.000000, 0.000000, 0.000000, -0.000000, 0.000000, -0.000000, 0.000000, 0.000000, -0.000000},
{0.000000, -0.000000, -0.000000, 0.000000, 0.000000, 0.000000, -0.000000, 1.000000, 0.000000, 0.000000, -0.000000, 0.000000, 0.000000, -0.000000, -0.000000, -0.000000},
{-0.000000, 0.000000, -0.000000, -0.000000, 0.000000, -0.000000, 0.000000, 0.000000, 1.000000, -0.000000, 0.000000, -0.000000, -0.000000, -0.000000, 0.000000, 0.000000},
{-0.000000, 0.000000, 0.000000, -0.000000, -0.000000, -0.000000, 0.000000, 0.000000, -0.000000, 1.000000, 0.000000, -0.000000, -0.000000, 0.000000, 0.000000, 0.000000},
{0.000000, -0.000000, -0.000000, 0.000000, 0.000000, 0.000000, -0.000000, -0.000000, 0.000000, 0.000000, 1.000000, 0.000000, 0.000000, -0.000000, -0.000000, -0.000000},
{-0.000000, 0.000000, -0.000000, -0.000000, -0.000000, -0.000000, 0.000000, 0.000000, -0.000000, -0.000000, 0.000000, 1.000000, -0.000000, 0.000000, 0.000000, 0.000000},
{-0.000000, 0.000000, 0.000000, -0.000000, -0.000000, -0.000000, -0.000000, 0.000000, -0.000000, -0.000000, 0.000000, -0.000000, 1.000000, 0.000000, 0.000000, 0.000000},
{0.000000, 0.000000, -0.000000, -0.000000, 0.000000, 0.000000, 0.000000, -0.000000, -0.000000, 0.000000, -0.000000, 0.000000, 0.000000, 1.000000, -0.000000, -0.000000},
{0.000000, -0.000000, -0.000000, 0.000000, 0.000000, 0.000000, 0.000000, -0.000000, 0.000000, 0.000000, -0.000000, 0.000000, 0.000000, -0.000000, 1.000000, -0.000000},
{0.000000, -0.000000, 0.000000, 0.000000, 0.000000, 0.000000, -0.000000, -0.000000, 0.000000, 0.000000, -0.000000, 0.000000, 0.000000, -0.000000, -0.000000, 1.000000}},
{{0.999527, -0.001192, -0.001185, 0.000390, -0.000644, -0.000593, -0.000000, -0.000000, -0.000000, 0.000000, -0.000665, -0.003551, 0.001189, 0.002908, -0.000913, -0.000180},
{-0.001192, 0.996377, -0.004203, 0.000224, -0.002080, -0.001802, -0.000000, -0.000000, -0.000000, 0.000000, -0.001675, -0.009087, 0.001610, 0.005028, -0.003889, -0.000542},
{-0.001185, -0.004203, 0.994451, -0.000835, -0.003285, -0.002687, -0.000000, -0.000000, -0.000000, 0.000000, -0.001575, -0.008877, 0.001795, 0.003395, -0.007165, -0.000799},
{0.000390, 0.000224, -0.000835, 0.998204, -0.001344, -0.000903, -0.000000, -0.000000, 0.000000, -0.000000, 0.000701, 0.003253, -0.000059, -0.004144, -0.004180, -0.000258},
{-0.000644, -0.002080, -0.003285, -0.001344, 0.995631, -0.003472, -0.000000, -0.000000, 0.000000, -0.000000, -0.000539, -0.003753, 0.006863, 0.004812, -0.009589, -0.001030},
{-0.000593, -0.001802, -0.002687, -0.000903, -0.003472, 0.997221, -0.000000, -0.000000, 0.000000, -0.000000, -0.000551, -0.003607, 0.005644, 0.004475, -0.007474, -0.000826},
{-0.000000, -0.000000, -0.000000, -0.000000, -0.000000, -0.000000, 1.000000, -0.000000, 0.000000, -0.000000, -0.000000, -0.000000, 0.000000, 0.000000, -0.000000, -0.000000},
{-0.000000, -0.000000, -0.000000, -0.000000, -0.000000, -0.000000, -0.000000, 1.000000, 0.000000, -0.000000, -0.000000, -0.000000, 0.000000, 0.000000, -0.000000, -0.000000},
{-0.000000, -0.000000, -0.000000, 0.000000, 0.000000, 0.000000, 0.000000, 0.000000, 1.000000, 0.000000, -0.000000, -0.000000, -0.000000, 0.000000, 0.000000, 0.000000},
{0.000000, 0.000000, 0.000000, -0.000000, -0.000000, -0.000000, -0.000000, -0.000000, 0.000000, 1.000000, 0.000000, 0.000000, 0.000000, 0.000000, -0.000000, -0.000000},
{-0.000665, -0.001675, -0.001575, 0.000701, -0.000539, -0.000551, -0.000000, -0.000000, -0.000000, 0.000000, 0.999023, -0.005131, 0.000946, 0.003796, -0.000450, -0.000170},
{-0.003551, -0.009087, -0.008877, 0.003253, -0.003753, -0.003607, -0.000000, -0.000000, -0.000000, 0.000000, -0.005131, 0.972851, 0.006265, 0.020373, -0.004515, -0.001104},
{0.001189, 0.001610, 0.001795, -0.000059, 0.006863, 0.005644, 0.000000, 0.000000, -0.000000, 0.000000, 0.000946, 0.006265, 0.981480, -0.017499, 0.012996, 0.001689},
{0.002908, 0.005028, 0.003395, -0.004144, 0.004812, 0.004475, 0.000000, 0.000000, 0.000000, 0.000000, 0.003796, 0.020373, -0.017499, 0.971538, 0.005518, 0.001368},
{-0.000913, -0.003889, -0.007165, -0.004180, -0.009589, -0.007474, -0.000000, -0.000000, 0.000000, -0.000000, -0.000450, -0.004515, 0.012996, 0.005518, 0.977856, -0.002209},
{-0.000180, -0.000542, -0.000799, -0.000258, -0.001030, -0.000826, -0.000000, -0.000000, 0.000000, -0.000000, -0.000170, -0.001104, 0.001689, 0.001368, -0.002209, 0.999755}}}
